I101100001001001000000000001010000000001000000111000000100000010110011010000000100000000010000100000
0001000000000000110000001000000000010000010010101000001000001100000000000000000000000000000010010010
0100010011011000000100011111101011100000000000100000101000000000010000000001010010010000000000001000
0000010000011001000001000000100000000100000001000001010010000001100000100000011100010100010010000001
000X111010001100100010000010010110011001000000110000000010100000101101001000001011000000001000101011
0010001000000110101100000000000000000001110001110001000011000010001010000010001101000110001110000000
0100000010010110001010000000001000000000001000100001001000100000000010001000000000011000110000001000
0000000000000010000000000001100100000000000011000000000001100000010010001000001000000100000010001000
0010000000001000000010100110001101011000100100000000000000010110001000010000000111100000010100110001
0110000001010000000110000100110100100010010101010000000000000100100000001010010010100100000010010101
1100000010101010010000100110000001000011000001010111000000111100000010000000100001001000000001100100
0100000000110000010110000000001000010110000000101100100110000000000000101000001001100010000000101000
1000000001000001111100000010011000001110010000000000000001001010000000010000001010000100001100000001
0011010010000000011011000000000111000000000001100001100001011001001100110010001010100010001000110000
1000110010000110000100011010100010101111010000001001110000001100000000000000000000100000000010010000
0010110000000110001001101100000010000010101001001011010001000101100101100001000110000101001000000010
0001001010101000001000000000101110110011100000001001000000001000001000010000110000010010011001001000
0111000000000000011010101100001000101001000110000000011000000000000001000100010100001011000000000000
0110000110000000000010101001000000000100000001001100001000000100010000100100000000000000010011000110
0000000110000010000000001100001110000100000010001111000011000000000001001000000000100000101000000010
0000100100000000100101010000000100000010100101100000100000000100000000100010000000101100101000000000
0010100000010101000000010000010000010000010000000101000000010100001010110000000001011000000000010001
0000101000001100110000001001110000100010011010000000001100000000100100000000110000000000000000000000
0010000000000001101010001000000000000110001010100100010001010100100010010011001000001010000000010100
1000011111010011001000001001000010000010100000001000000000000000000010001001010101010000100000100010
0000010000000001010010000001011100001000100001001001010001000001000100000010010000100100100000000000
0010111000110010101000010000100000001100000010000110000110010110000010000010110010000000001000010000
0000000000100000001001000000000000011010011011011000000001000001000101001000000110000000100000011110
0000101111001001100010101000000000000000100101010001100000000000100011000000000100101110110100000001
0100000000001000100100101010000000000000110000000000101000001001000000100000011010000000001000100000
1100110000100000000100010110000000000000000000000101000101100000100010000001000010000000100000100000
0011010100100010000000001110011111101001101010000010001010100000100010010000001100100010000000011100
0000000000001001100100001010011010000100000000010101100110000000000010001000001011000100000000100010
0010001000010100000010100000100100110110101001001011110011000000010000000110011001000001000000000000
1000000010000011010001010000001000100010000110001000010010001100000010000000000000000000100000000000
0001011000010000101010000000000000100000001000100100000010100110100000011110100100010110000010011001
0000001010000000110110000000001000010000000110111010010000000000100110100000000010000001001011011100
0010001000000000100010000000101011100110000100001010000110000100000010101001001000000111000100000010
0100000011100001000000100000001100011011000000000000010100011111111010010000000001100001000001001000
1000000000010100001000000001000001000001000100000010101110001010000000000001000000100000000100110000
0100000000000100110101000100000000000110011000100100000000000000010000010000011110000000100111000001
1101000010111100000000001010000000000010010110110010000010000001000101101101000100001000001001110000
0000000000000000000000011000000001000000000101000110011100100011000100000010000100010000000001010000
0001010000011000001100111001001000011000001001000000001000101000010100110010100010001001000001011000
1100001011110000010000001000000100101000000001100000000010000010010001000001101100100000000000110001
0110111001101001000100000000000010000000000000000100000000000000000000111001000000000101000000100000
0000000000000000000000000101010001010000100001100000101000010000100010110011010001110000000100001100
0000010000001011000010000001000000100100001011100001000000011000000000010010000111010110000010001100
0110000111000000000000000010000101000000000110100000001100010010000100010000000000100000011000000001
1100001000110001100001000001000110100000001010111100000100000010010001101110000101100100000000001110
0001011100001100000010000001000000100000100001001000000011001111001000011001010101001010100000001000
0101000001011000010000100001000001000000000000000000000000000001100000000000011011101100100101000101
0000010000001000000001000001000001010010001100001000100001000001000000001000100000001000000001000101
0101101000100000000000000000000000000000010000010000010101000001000100010101100000100000110000011010
1000010000100100010001111100100011000100011001000100100010011010000100110000100111100001010000010000
0000001110000000010000000001011000000001100000000100000100000001000000010010000000000100101000011010
1000001001000011000010110101001000000100100000110000100000000001010010001010000000000000101111010000
0001000010111000100000100011100011001011100000010000000000010011000001001101010100001000001000100100
0100000101000010101101001000000001000001000000100000100000000001001000100101010000001000010110000000
0000010000011100000000000101000010100101010000000001000000100100000010000100000100000001100001011001
0010000010000000000000100000000101001000011111101011001000011000000100011101001101010011010000100000
0000100010000101111000111101110010000000000100001001000001100100000000110000010000000000100001000100
0000010001000000111000100011010000011001001001001100000000110000100000001010000000100000000000000000
0000100011010001000011000101001001110001001010000001010001001100010000000101100011001010110001001001
0001000000000100100000000010011000000111010110100010001010010011000000011000001011000100000110000001
0000000100110100010001001010010110000001000110100100010100000001010100100000100000100000011000000001
0000000000000100000001110100000000000110000001001100010101000001011010010010010100000001001000110101
0000011000000100010000100000001000001100111000000100100000000000101000000000000000011001000111100000
0011000001000000100001010001000010100000101101011101000101000110110111000100000101000000000001101010
1010100000000000010000010110010010100001000100010000000000000000100000000000101110000000100000011001
0100010000001100000010000011000010000000000001000110000000111110000100001010100000000100000001101010
1010000000000000010001000010000000011000010100110000011100110000001100000000000000000000100010001000
0010000000000001100100001000010110000000000000010110000000000010000010100010011000010000000000110000
1000000000001100110000010100000010000101000000000011000000000010100000111100001100011010010010001000
0000000000001100001000100100000100000000000000100011100000000100000100000010000000001000011001001000
0101001000100011001000011000001100010010100011011100000011000110001001100101001000100010000110001000
1001000000000000000000100111000000010001000100000001100000000100000000001001000100100000000000000000
1000000001000110000001010000100101000110000100000000000110010010000000000000001000000001000001000100
0000100011000000000010000001100011010101000010000100010000000100000001011000010001010100100010100000
1000100000000000001111001000000011000000111110000011100001010010100101000110000100100110000100000000
0011110001100000011000011000101000001110110111001001000000101010100000000000010010000000000000001100
1001111000000000000001001110000100101110100000101001001001000100110000000010000001100000100011100100
1100001000000000011010000001100010110001000100000011100000000010110100000011000000100001000001000100
0000011010000001000100000000001000011110111010000000000111000000010110000010010010100110010110100000
0000010010000001010110000000000100001010000000101000000000000110000010001000000010010011000110101110
0000100010001000000000000000000100000010000100000000000000000001001000001010010000100100100011000000
0000100001001000001000000101000000000010101000100000010001000100010101010101000001001000001001011001
0000100110000001000001010100000000011000100000010001110100100100011000000000010100000000100000000000
1101010110000000000001000110110010000100010000101011010001001101000001100001000000101001001000010001
1111010111000000100110110000001000110001000100000001000000000000000000000010010000000000010100001011
0101101000001101000000011101000100000100000111000001011100000100000000001000001010000000100000000011
0101011000010000000100000001000010010010010100001000001001000100001000000001001000110010100000000100
0010000000010000000000000000111110000110110001000000010010101000010000001000000000000001110100010100
0100000110010000100001001000101000010000000100100100100001000001000010000000100000001000000111110000
1000000011000000000000000111000100001010010110000001100000000000000000000000010010000001000000001010
0000101000000100111100000000001000010000000000111001110000010101000000000000010001001111000001100110
0000010101000000000001000000011000000000000010000000001000001000010000000000110100000010001110100000
0000000000001001110000010010000000001100001010001001000001001000100000000000010100000001010000010010
0000001010000000000000000000000100000100101111101101001000101100000000010000100010100100000001100100
1000000011011101000000001000100010100010000000001000000001001100100000001010100100000000001010000000
